Reaction test v3
type	A+B+C
number	1000

max value	65536
unit	us

test	A	B	C
0	82	109	131
1	85	111	131
2	76	101	121
3	24	49	69
4	69	95	115
5	99	6	26
6	27	51	73
7	78	101	123
8	87	113	133
9	43	68	88
10	33	57	79
11	85	111	131
12	57	83	103
13	57	81	103
14	90	116	7
15	89	114	5
16	71	96	116
17	34	60	80
18	97	4	26
19	85	111	131
20	101	9	29
21	63	89	109
22	36	62	82
23	50	73	95
24	69	94	114
25	48	72	93
26	13	38	58
27	48	77	97
28	61	87	107
29	61	87	107
30	22	46	66
31	25	51	71
32	30	55	75
33	74	100	120
34	15	40	60
35	103	10	32
36	18	43	63
37	76	102	122
38	13	38	58
39	53	77	99
40	20	46	66
41	74	99	119
42	48	74	94
43	78	103	123
44	43	68	88
45	67	90	112
46	105	13	35
47	27	53	73
48	85	111	131
49	88	114	4
50	84	108	130
51	60	83	105
52	44	69	89
53	78	104	124
54	27	53	73
55	10	36	56
56	18	42	64
57	48	72	94
58	76	100	122
59	93	116	7
60	24	47	69
61	90	116	4
62	61	85	107
63	5	31	51
64	76	100	122
65	89	113	135
66	54	78	100
67	22	48	68
68	80	104	126
69	28	52	73
70	3	28	48
71	69	95	115
72	52	77	97
73	34	58	80
74	75	98	120
75	43	68	88
76	80	106	126
77	54	80	100
78	71	95	116
79	82	107	127
80	20	43	65
81	52	77	97
82	96	3	25
83	69	94	114
84	52	76	98
85	52	76	97
86	38	64	84
87	29	54	74
88	48	74	94
89	47	70	92
90	101	10	30
91	61	84	106
92	88	114	5
93	48	74	94
94	67	92	112
95	78	103	123
96	21	47	67
97	14	38	59
98	52	77	97
99	69	95	115
100	24	50	70
101	39	65	85
102	69	94	114
103	7	31	53
104	65	88	110
105	48	74	94
106	73	96	118
107	95	3	23
108	40	64	86
109	87	113	133
110	26	51	71
111	53	79	99
112	103	13	33
113	69	95	115
114	9	35	55
115	22	47	67
116	29	54	74
117	69	94	114
118	24	50	70
119	11	35	56
120	88	113	133
121	69	95	115
122	10	36	56
123	65	90	116
124	90	116	5
125	9	35	55
126	59	85	105
127	98	5	27
128	3	29	49
129	54	79	99
130	105	13	33
131	24	49	69
132	91	117	5
133	40	66	86
134	61	84	106
135	15	40	60
136	46	71	91
137	72	96	118
138	72	96	118
139	50	75	95
140	94	118	9
141	14	38	59
142	78	103	123
143	50	73	95
144	33	57	79
145	103	10	32
146	15	40	60
147	12	38	58
148	85	111	131
149	43	68	88
150	70	94	116
151	36	60	82
152	88	114	5
153	50	75	95
154	38	64	88
155	36	62	82
156	46	72	92
157	65	91	111
158	58	81	101
159	59	85	105
160	71	94	116
161	8	34	54
162	24	47	69
163	78	101	123
164	11	36	56
165	9	34	54
166	19	43	65
167	88	111	133
168	63	87	109
169	86	111	131
170	67	93	113
171	84	108	130
172	46	69	91
173	37	61	82
174	65	91	111
175	67	92	112
176	86	112	132
177	33	59	79
178	105	12	32
179	38	64	84
180	9	34	54
181	9	34	54
182	43	68	88
183	48	74	94
184	80	106	126
185	50	76	96
186	88	111	131
187	84	107	129
188	79	105	125
189	18	41	63
190	41	65	86
191	67	91	113
192	80	103	125
193	38	62	84
194	70	94	114
195	49	75	95
196	3	29	49
197	78	103	123
198	59	85	105
199	3	28	48
200	22	47	67
201	65	90	110
202	41	66	86
203	48	74	94
204	105	15	35
205	50	75	95
206	99	6	26
207	75	100	120
208	96	3	23
209	103	12	32
210	59	85	105
211	40	64	86
212	5	28	50
213	9	35	55
214	50	74	96
215	65	90	110
216	64	90	110
217	67	93	113
218	18	43	63
219	65	89	111
220	31	57	77
221	38	62	84
222	71	97	117
223	9	34	54
224	13	36	58
225	57	81	103
226	52	75	97
227	46	72	92
228	52	76	98
229	54	79	99
230	62	87	107
231	71	95	115
232	94	120	9
233	26	52	72
234	25	51	71
235	31	55	77
236	81	105	127
237	70	94	116
238	103	11	33
239	41	65	86
240	91	116	7
241	101	9	31
242	11	36	56
243	47	72	96
244	37	63	83
245	76	101	121
246	10	36	56
247	22	47	67
248	27	51	71
249	90	116	5
250	62	87	107
251	52	76	98
252	49	73	95
253	86	111	131
254	74	100	120
255	83	107	129
256	31	55	77
257	5	31	51
258	58	81	103
259	48	73	93
260	14	38	60
261	46	72	92
262	18	41	63
263	79	105	125
264	82	106	128
265	92	116	7
266	9	34	54
267	98	5	25
268	7	31	51
269	43	68	88
270	33	59	79
271	82	106	128
272	7	32	52
273	29	55	75
274	5	30	50
275	56	81	101
276	61	85	107
277	72	98	118
278	18	42	64
279	16	42	62
280	94	120	9
281	16	42	62
282	105	13	35
283	14	40	60
284	5	29	50
285	69	94	114
286	103	10	30
287	76	100	121
288	101	9	30
289	18	44	64
290	52	77	97
291	33	59	79
292	26	49	71
293	35	58	80
294	74	100	120
295	97	5	25
296	83	107	129
297	50	75	95
298	33	57	79
299	63	86	106
300	5	29	51
301	90	121	6
302	59	85	105
303	55	81	101
304	37	63	83
305	27	53	73
306	41	67	87
307	31	57	77
308	48	74	96
309	33	59	79
310	61	84	106
311	27	53	73
312	87	113	133
313	87	113	133
314	72	98	118
315	29	53	75
316	61	87	107
317	10	34	56
318	45	70	90
319	38	64	84
320	46	71	91
321	16	42	62
322	70	96	116
323	37	63	83
324	26	50	71
325	37	61	83
326	36	62	82
327	38	62	84
328	60	85	105
329	35	60	80
330	20	46	66
331	33	58	78
332	30	55	75
333	83	107	129
334	42	66	88
335	94	120	9
336	26	52	72
337	79	103	125
338	78	103	123
339	101	9	31
340	20	44	65
341	31	55	75
342	56	81	101
343	95	5	25
344	45	68	90
345	84	110	130
346	100	7	29
347	92	118	8
348	49	81	101
349	70	94	116
350	91	120	7
351	101	9	30
352	69	94	114
353	51	77	97
354	7	32	52
355	54	78	100
356	3	28	48
357	27	51	73
358	90	116	5
359	23	49	69
360	103	11	31
361	42	68	90
362	101	9	31
363	89	114	3
364	76	100	121
365	103	13	33
366	78	104	124
367	103	11	31
368	82	108	128
369	82	108	129
370	40	64	86
371	11	36	56
372	31	57	77
373	37	62	82
374	75	100	120
375	67	90	112
376	3	28	48
377	63	88	108
378	29	54	74
379	10	34	56
380	96	3	25
381	96	3	25
382	59	85	105
383	13	36	58
384	12	38	58
385	97	7	27
386	50	75	99
387	39	63	85
388	42	66	88
389	12	36	58
390	7	33	53
391	15	40	60
392	14	38	60
393	84	108	129
394	83	109	129
395	91	115	5
396	80	105	125
397	50	73	95
398	66	92	112
399	80	104	125
400	51	77	97
401	36	62	82
402	79	101	121
403	28	53	73
404	44	70	90
405	105	9	31
406	85	109	131
407	38	62	84
408	67	92	112
409	3	29	49
410	63	87	109
411	19	43	65
412	61	86	106
413	69	94	114
414	22	47	67
415	14	40	60
416	59	85	105
417	89	112	3
418	10	36	56
419	12	36	58
420	101	10	30
421	48	74	94
422	50	74	96
423	26	51	71
424	76	100	122
425	91	116	5
426	40	66	86
427	39	63	85
428	62	85	107
429	91	116	5
430	53	77	99
431	5	30	50
432	85	109	131
433	78	104	124
434	80	105	125
435	63	89	109
436	74	100	120
437	72	96	118
438	42	68	88
439	56	79	99
440	6	32	52
441	77	100	122
442	8	34	54
443	93	118	9
444	65	90	110
445	70	94	116
446	59	83	105
447	81	105	127
448	23	47	69
449	24	48	70
450	59	83	104
451	25	51	71
452	74	100	120
453	93	118	7
454	52	75	97
455	45	70	90
456	11	35	57
457	44	70	90
458	45	70	90
459	77	100	122
460	41	64	86
461	41	66	86
462	69	94	114
463	62	87	107
464	83	109	129
465	54	78	100
466	46	71	91
467	63	87	109
468	60	83	105
469	47	70	90
470	59	83	105
471	22	48	68
472	12	38	58
473	76	102	122
474	50	76	96
475	13	38	58
476	33	59	79
477	44	68	90
478	10	34	56
479	58	83	103
480	15	40	60
481	76	102	122
482	65	89	110
483	65	91	111
484	89	115	5
485	89	114	3
486	84	107	129
487	95	3	24
488	67	93	113
489	92	118	8
490	14	40	60
491	74	98	120
492	11	34	56
493	78	103	123
494	12	38	58
495	101	9	29
496	34	60	80
497	33	56	78
498	57	81	103
499	18	42	64
500	80	104	126
501	65	90	110
502	57	81	103
503	20	46	66
504	29	55	75
505	78	102	124
506	63	89	109
507	61	87	107
508	59	84	104
509	76	101	121
510	7	33	53
511	27	51	73
512	5	31	51
513	65	91	111
514	61	86	106
515	33	56	78
516	28	51	73
517	90	114	5
518	87	113	133
519	61	85	107
520	81	107	127
521	93	118	9
522	5	31	51
523	44	70	90
524	23	49	69
525	39	64	84
526	103	10	32
527	91	116	7
528	101	9	31
529	40	64	86
530	23	49	69
531	84	109	129
532	5	30	50
533	46	70	91
534	85	111	131
535	91	116	5
536	79	105	125
537	35	58	80
538	50	76	96
539	48	73	93
540	78	104	124
541	88	114	3
542	87	113	133
543	86	110	132
544	48	73	93
545	101	8	30
546	26	52	72
547	48	74	94
548	22	47	67
549	80	105	125
550	8	34	54
551	12	38	58
552	5	31	51
553	62	87	107
554	47	74	94
555	5	31	51
556	53	79	99
557	85	109	131
558	92	116	7
559	92	118	9
560	46	71	91
561	59	85	105
562	92	118	7
563	35	61	81
564	94	118	9
565	56	79	99
566	99	7	27
567	33	59	79
568	5	28	50
569	98	5	25
570	84	104	124
571	22	47	67
572	67	91	113
573	63	87	109
574	78	102	123
575	17	42	62
576	14	40	60
577	97	4	24
578	25	51	71
579	102	9	29
580	14	40	60
581	14	38	60
582	89	115	5
583	48	74	94
584	20	46	66
585	37	61	83
586	40	64	86
587	22	46	68
588	103	12	32
589	74	100	120
590	61	85	105
591	87	113	133
592	74	99	119
593	88	114	5
594	99	7	28
595	94	118	9
596	50	75	95
597	39	64	84
598	28	53	73
599	74	98	120
600	85	111	131
601	52	78	98
602	93	118	9
603	80	104	125
604	93	117	7
605	63	88	108
606	105	15	35
607	80	104	126
608	24	49	69
609	7	33	53
610	44	69	89
611	72	96	118
612	16	42	62
613	39	65	85
614	23	49	69
615	65	89	109
616	85	111	131
617	85	111	131
618	85	109	131
619	52	76	98
620	105	12	34
621	94	118	8
622	37	62	82
623	3	29	49
624	60	85	105
625	99	6	28
626	5	31	51
627	74	98	120
628	31	54	74
629	39	65	85
630	78	103	123
631	54	79	99
632	82	107	127
633	10	34	56
634	71	95	115
635	86	111	131
636	52	78	98
637	80	104	126
638	18	42	64
639	84	108	129
640	82	107	127
641	63	88	108
642	8	34	54
643	39	63	84
644	3	28	48
645	78	101	123
646	59	85	105
647	82	108	128
648	30	53	75
649	60	83	105
650	7	32	52
651	33	62	82
652	98	5	27
653	79	105	125
654	50	74	94
655	105	12	32
656	55	81	101
657	61	85	105
658	24	50	70
659	18	44	64
660	14	39	59
661	87	111	133
662	50	74	95
663	78	104	124
664	89	115	5
665	44	68	89
666	78	103	123
667	78	104	124
668	52	78	98
669	23	49	69
670	69	92	114
671	101	9	30
672	39	62	84
673	52	75	97
674	93	118	7
675	33	58	78
676	33	59	79
677	103	12	32
678	86	112	132
679	29	53	75
680	54	80	100
681	14	40	60
682	83	109	129
683	84	108	128
684	65	91	111
685	47	72	92
686	37	63	83
687	72	96	116
688	10	36	56
689	86	111	131
690	3	29	49
691	25	49	71
692	88	114	4
693	78	102	124
694	40	66	86
695	59	83	103
696	37	61	81
697	71	97	117
698	50	74	94
699	82	108	128
700	95	3	25
701	44	70	90
702	60	85	105
703	8	34	54
704	63	87	109
705	69	95	115
706	68	94	114
707	33	57	78
708	91	115	5
709	92	118	7
710	89	113	3
711	44	70	90
712	80	106	126
713	65	90	110
714	63	89	109
715	70	96	116
716	14	40	60
717	18	42	64
718	56	82	102
719	71	94	116
720	28	52	73
721	99	9	29
722	9	34	54
723	103	10	32
724	42	66	86
725	76	101	121
726	72	98	118
727	71	97	117
728	84	107	129
729	63	89	109
730	50	75	95
731	50	73	95
732	57	83	103
733	46	70	92
734	49	75	95
735	101	11	31
736	56	82	102
737	16	42	62
738	83	109	129
739	16	42	62
740	91	116	5
741	12	38	58
742	65	88	110
743	48	71	93
744	67	92	112
745	65	91	111
746	82	106	127
747	12	36	58
748	7	31	51
749	61	87	107
750	15	38	58
751	6	30	50
752	5	30	50
753	8	32	54
754	46	72	92
755	99	9	29
756	26	51	71
757	80	106	126
758	16	40	135
759	46	72	92
760	7	33	53
761	63	87	107
762	35	60	80
763	73	98	118
764	85	111	131
765	51	77	97
766	20	44	66
767	41	66	86
768	35	61	81
769	61	87	107
770	74	100	120
771	37	60	82
772	50	76	96
773	84	109	129
774	68	94	114
775	89	114	5
776	94	118	9
777	79	103	125
778	95	5	25
779	48	74	100
780	90	114	5
781	92	118	8
782	94	118	9
783	80	105	125
784	95	3	30
785	37	62	82
786	71	95	116
787	31	56	76
788	42	68	88
789	70	94	114
790	69	94	114
791	35	61	81
792	72	96	118
793	54	80	100
794	16	42	62
795	46	72	92
796	89	113	133
797	58	83	103
798	46	70	90
799	44	69	89
800	63	87	109
801	14	40	60
802	82	107	127
803	37	63	83
804	65	90	110
805	9	34	54
806	41	66	86
807	76	102	122
808	16	42	62
809	74	100	120
810	84	109	129
811	93	116	7
812	92	118	9
813	83	109	129
814	95	3	25
815	13	37	58
816	68	92	114
817	87	113	133
818	44	68	88
819	5	30	50
820	65	88	110
821	101	8	28
822	48	74	94
823	75	100	120
824	85	111	131
825	44	68	90
826	52	76	98
827	98	5	27
828	3	28	48
829	46	70	92
830	51	81	103
831	60	85	105
832	16	42	62
833	92	118	6
834	27	53	73
835	11	36	56
836	59	83	103
837	80	105	125
838	53	79	99
839	59	85	105
840	29	53	75
841	97	7	27
842	95	3	25
843	66	90	112
844	41	65	86
845	59	83	103
846	70	94	116
847	101	8	30
848	46	72	92
849	50	76	96
850	90	116	4
851	61	85	107
852	103	11	32
853	61	84	106
854	69	93	115
855	25	51	71
856	87	113	133
857	73	96	118
858	95	3	25
859	37	63	83
860	37	60	82
861	18	44	64
862	46	72	92
863	14	40	60
864	43	68	90
865	18	42	63
866	16	40	62
867	37	63	83
868	44	69	89
869	33	59	79
870	101	9	31
871	42	68	88
872	18	42	64
873	80	105	125
874	74	100	120
875	43	66	88
876	17	42	62
877	5	30	50
878	35	60	80
879	28	51	73
880	71	97	117
881	48	71	93
882	26	51	71
883	25	49	71
884	98	5	27
885	82	105	127
886	56	80	102
887	75	100	120
888	38	64	84
889	7	33	53
890	22	46	68
891	102	9	31
892	65	91	111
893	94	118	9
894	12	36	58
895	48	73	93
896	40	66	86
897	42	68	88
898	95	3	23
899	80	103	123
900	60	83	105
901	31	57	77
902	21	45	67
903	69	92	114
904	88	111	131
905	31	56	76
906	44	70	90
907	32	57	77
908	22	46	68
909	54	79	99
910	77	102	122
911	24	50	70
912	98	5	27
913	18	42	64
914	26	51	71
915	40	66	86
916	54	79	99
917	67	93	113
918	71	97	117
919	71	94	116
920	62	87	107
921	80	104	129
922	76	102	122
923	78	101	123
924	59	89	111
925	59	83	105
926	90	116	4
927	92	118	7
928	94	118	9
929	66	90	112
930	85	111	131
931	37	63	83
932	65	91	111
933	55	81	101
934	58	83	103
935	5	29	50
936	5	29	51
937	40	64	86
938	60	85	105
939	78	102	122
940	98	5	25
941	50	76	96
942	46	71	91
943	96	3	23
944	82	107	127
945	35	58	80
946	101	8	28
947	42	66	88
948	65	90	110
949	8	32	54
950	7	32	52
951	67	91	113
952	43	66	88
953	86	109	131
954	65	90	110
955	48	72	94
956	46	72	92
957	80	104	126
958	23	49	69
959	37	60	82
960	101	10	30
961	28	53	73
962	89	114	5
963	80	105	125
964	86	111	131
965	57	81	101
966	84	109	129
967	71	96	116
968	12	36	58
969	88	113	133
970	97	4	26
971	13	38	58
972	38	64	84
973	71	97	117
974	12	38	58
975	7	33	53
976	84	109	129
977	7	32	52
978	33	59	79
979	68	94	114
980	50	76	96
981	66	90	112
982	9	34	54
983	58	83	103
984	80	105	125
985	98	7	27
986	27	53	73
987	48	72	93
988	41	64	86
989	95	5	25
990	95	118	9
991	183	106	128
992	80	105	125
993	50	75	95
994	33	59	79
995	72	96	118
996	98	7	27
997	9	35	55
998	95	5	25
999	100	9	29

