Reaction test v3
type	A+B+C
number	1000

max value	65536
unit	us

test	A	B	C
0	3	21	41
1	48	7	28
2	31	51	9
3	6	28	50
4	46	3	25
5	7	27	49
6	45	3	25
7	7	29	49
8	51	9	31
9	50	8	28
10	53	11	31
11	47	5	27
12	47	5	27
13	25	45	3
14	31	51	9
15	29	51	9
16	7	29	51
17	25	47	5
18	8	28	50
19	7	29	50
20	28	48	6
21	49	5	27
22	27	48	7
23	49	5	27
24	11	31	53
25	27	48	7
26	47	3	25
27	51	9	29
28	45	3	25
29	5	27	47
30	50	7	28
31	5	27	49
32	46	3	24
33	30	50	8
34	28	50	8
35	45	3	25
36	30	52	10
37	30	52	10
38	27	49	7
39	51	9	29
40	50	9	30
41	52	10	30
42	30	52	8
43	52	10	32
44	51	7	29
45	10	30	52
46	30	52	10
47	51	9	31
48	4	26	46
49	7	28	50
50	27	49	7
51	9	31	53
52	25	47	3
53	27	47	5
54	46	3	24
55	48	7	28
56	27	47	5
57	28	48	7
58	25	47	5
59	27	49	5
60	50	9	30
61	7	27	49
62	49	5	27
63	28	50	8
64	46	4	24
65	27	47	5
66	45	3	25
67	5	25	47
68	8	30	50
69	10	30	52
70	29	49	7
71	49	5	27
72	9	29	50
73	26	48	6
74	31	51	9
75	11	31	53
76	5	27	51
77	7	29	50
78	48	5	27
79	25	47	5
80	51	7	29
81	26	48	6
82	31	53	9
83	51	9	31
84	25	47	5
85	30	52	8
86	45	3	25
87	5	25	47
88	52	8	30
89	45	3	25
90	49	5	27
91	29	51	9
92	47	5	27
93	31	51	9
94	50	6	28
95	48	6	28
96	29	51	9
97	49	7	27
98	50	9	30
99	7	27	48
100	46	3	24
101	48	6	28
102	8	30	50
103	27	49	7
104	46	5	25
105	48	6	28
106	26	48	6
107	9	31	53
108	30	52	10
109	25	50	5
110	47	5	27
111	52	8	30
112	9	29	51
113	24	46	4
114	29	51	9
115	5	27	49
116	7	29	51
117	30	52	4
118	46	4	24
119	52	9	30
120	25	45	3
121	5	27	49
122	45	3	25
123	50	8	30
124	49	7	29
125	3	25	47
126	52	8	30
127	45	3	25
128	46	5	26
129	46	3	24
130	8	28	50
131	28	48	7
132	52	10	32
133	10	30	52
134	29	51	9
135	28	50	8
136	5	26	48
137	5	27	49
138	25	47	5
139	30	50	8
140	7	27	49
141	9	31	51
142	7	27	49
143	31	53	11
144	6	28	50
145	28	48	7
146	29	50	9
147	44	3	24
148	49	7	29
149	27	49	7
150	50	8	30
151	28	48	6
152	51	9	29
153	25	47	5
154	25	45	3
155	49	7	29
156	7	29	51
157	50	8	30
158	8	28	50
159	48	7	28
160	7	27	49
161	47	5	27
162	25	47	5
163	49	7	27
164	27	49	7
165	53	9	31
166	52	10	32
167	29	49	7
168	51	7	29
169	3	25	47
170	27	49	5
171	8	30	52
172	25	47	5
173	49	7	27
174	29	49	7
175	52	10	30
176	45	3	25
177	5	27	47
178	49	5	27
179	6	26	48
180	29	51	9
181	27	48	7
182	27	49	5
183	30	52	10
184	4	26	84
185	44	3	24
186	30	50	8
187	47	5	27
188	28	50	8
189	3	25	47
190	51	9	31
191	52	9	30
192	48	7	28
193	49	7	29
194	3	25	47
195	30	52	10
196	46	4	26
197	30	50	8
198	45	3	25
199	47	5	25
200	26	46	4
201	52	10	32
202	52	9	31
203	30	52	10
204	51	7	29
205	48	6	28
206	53	9	31
207	51	9	31
208	7	27	49
209	46	4	26
210	31	52	11
211	7	29	50
212	5	27	49
213	25	47	5
214	25	46	5
215	27	49	7
216	26	48	6
217	27	49	7
218	29	51	9
219	52	11	32
220	7	27	49
221	11	31	52
222	3	25	47
223	53	9	31
224	25	47	5
225	28	48	6
226	47	5	27
227	47	5	27
228	6	26	48
229	47	5	25
230	3	25	51
231	29	51	9
232	7	27	49
233	47	5	27
234	53	9	31
235	51	9	31
236	51	7	29
237	53	9	31
238	28	48	7
239	25	47	5
240	31	53	11
241	5	25	47
242	10	30	52
243	25	45	3
244	5	27	47
245	11	31	52
246	49	7	29
247	48	6	28
248	9	29	51
249	49	5	27
250	28	50	8
251	7	27	49
252	3	25	47
253	7	29	51
254	5	27	49
255	9	31	51
256	51	7	29
257	25	45	3
258	30	52	10
259	30	52	10
260	26	46	5
261	6	26	48
262	9	31	51
263	31	51	9
264	52	8	30
265	30	50	8
266	51	9	31
267	47	5	27
268	30	52	10
269	31	51	9
270	27	47	5
271	47	5	25
272	49	7	27
273	53	11	31
274	27	47	5
275	11	31	53
276	50	8	28
277	3	25	47
278	27	47	5
279	31	53	11
280	50	8	28
281	47	5	27
282	53	9	31
283	5	27	48
284	27	47	5
285	47	5	27
286	25	51	5
287	3	25	47
288	52	10	30
289	51	7	29
290	29	51	9
291	49	7	27
292	51	9	31
293	27	49	7
294	25	45	3
295	3	25	47
296	51	9	31
297	10	30	52
298	5	27	47
299	5	25	47
300	50	8	28
301	31	51	9
302	28	48	6
303	27	47	5
304	5	27	48
305	48	6	28
306	47	5	27
307	28	50	8
308	27	49	7
309	28	48	6
310	46	4	26
311	49	7	29
312	30	50	8
313	5	27	47
314	27	47	5
315	9	29	50
316	47	5	27
317	6	26	48
318	47	3	25
319	5	25	47
320	27	48	7
321	26	46	5
322	31	51	9
323	9	31	53
324	24	44	3
325	50	8	30
326	29	49	7
327	47	5	27
328	26	46	4
329	27	49	7
330	25	51	5
331	26	46	4
332	49	7	29
333	51	7	29
334	25	46	5
335	49	7	27
336	5	27	49
337	7	27	49
338	5	27	49
339	8	28	50
340	53	9	31
341	46	4	26
342	7	29	51
343	25	45	3
344	9	31	51
345	31	51	9
346	29	51	9
347	9	31	53
348	8	30	52
349	9	29	51
350	6	28	50
351	25	45	3
352	49	7	29
353	27	47	5
354	9	31	53
355	27	47	5
356	7	29	51
357	52	10	32
358	47	5	27
359	24	46	4
360	31	53	11
361	5	27	49
362	30	52	8
363	7	27	49
364	49	5	27
365	3	25	47
366	10	30	52
367	25	47	5
368	47	5	27
369	49	7	29
370	25	47	5
371	51	9	29
372	26	46	4
373	30	52	10
374	10	30	52
375	38	62	13
376	47	5	27
377	51	9	29
378	5	27	47
379	3	25	47
380	4	26	48
381	3	24	46
382	31	53	9
383	29	49	7
384	49	7	27
385	47	3	25
386	50	9	30
387	47	5	25
388	29	51	9
389	7	29	51
390	31	53	11
391	45	3	25
392	25	47	5
393	31	52	11
394	7	29	51
395	26	48	6
396	8	28	50
397	5	25	46
398	25	47	5
399	46	4	24
400	48	7	28
401	53	11	33
402	26	48	6
403	51	9	31
404	48	5	26
405	53	9	31
406	52	10	30
407	8	30	52
408	28	48	6
409	48	7	28
410	11	31	52
411	48	6	28
412	30	50	8
413	7	29	51
414	48	5	27
415	28	50	8
416	29	49	7
417	3	25	47
418	47	3	25
419	51	7	29
420	9	31	51
421	45	3	25
422	50	8	30
423	49	7	29
424	25	47	5
425	27	49	7
426	25	47	5
427	49	7	29
428	48	4	26
429	31	52	9
430	27	47	5
431	7	27	49
432	46	5	26
433	26	48	4
434	28	48	6
435	53	11	31
436	9	29	51
437	25	47	5
438	27	48	7
439	47	5	27
440	45	3	25
441	10	30	52
442	26	48	6
443	3	24	46
444	31	52	11
445	27	47	5
446	5	27	49
447	5	25	47
448	9	29	51
449	49	7	27
450	50	8	30
451	7	29	51
452	53	11	31
453	8	30	50
454	29	51	9
455	48	7	28
456	7	29	51
457	27	47	5
458	7	29	51
459	26	48	6
460	27	47	5
461	49	7	27
462	47	5	27
463	9	29	51
464	47	3	25
465	29	51	9
466	47	5	27
467	45	3	25
468	29	51	9
469	27	48	5
470	49	7	29
471	7	28	50
472	5	27	49
473	8	30	52
474	28	50	8
475	31	51	9
476	27	47	5
477	51	9	31
478	5	25	47
479	48	7	27
480	5	27	47
481	48	7	28
482	25	47	5
483	7	29	51
484	8	30	50
485	52	10	30
486	9	31	53
487	5	25	47
488	31	51	9
489	7	29	51
490	48	4	26
491	29	49	7
492	7	29	49
493	5	25	46
494	50	9	30
495	51	9	31
496	48	6	28
497	30	50	8
498	49	5	27
499	29	51	7
500	29	50	7
501	28	48	7
502	7	29	51
503	53	11	33
504	50	8	30
505	29	49	7
506	53	9	31
507	8	28	50
508	48	5	26
509	52	11	31
510	9	29	50
511	31	52	11
512	49	7	29
513	10	30	52
514	5	27	48
515	30	50	8
516	51	7	29
517	9	29	51
518	6	28	50
519	51	9	29
520	50	8	30
521	27	47	5
522	31	53	9
523	7	27	49
524	29	51	9
525	7	29	51
526	8	30	52
527	10	30	52
528	46	4	26
529	9	29	51
530	47	5	27
531	8	28	50
532	7	28	48
533	47	5	27
534	31	52	11
535	49	7	29
536	7	29	51
537	45	3	25
538	7	29	51
539	54	8	30
540	49	7	29
541	48	5	27
542	47	3	25
543	30	52	10
544	45	3	25
545	9	31	51
546	6	28	50
547	48	6	26
548	27	49	7
549	7	27	49
550	5	25	47
551	49	7	29
552	27	49	5
553	47	5	27
554	50	8	28
555	9	30	52
556	25	47	3
557	9	29	51
558	5	27	48
559	7	29	51
560	53	9	31
561	31	52	11
562	28	48	3
563	49	7	29
564	29	51	7
565	27	47	5
566	8	34	56
567	29	50	7
568	30	50	8
569	49	7	29
570	28	48	6
571	27	47	5
572	52	8	30
573	25	47	3
574	50	7	28
575	28	50	8
576	3	25	45
577	3	25	47
578	30	52	10
579	5	25	47
580	31	52	11
581	50	8	30
582	49	7	27
583	7	29	51
584	25	46	5
585	45	3	25
586	51	9	29
587	25	47	5
588	3	25	47
589	49	7	27
590	28	50	8
591	28	48	6
592	25	47	3
593	28	50	8
594	24	46	4
595	28	50	8
596	25	47	5
597	7	29	51
598	31	53	11
599	48	6	26
600	30	52	10
601	8	28	50
602	4	24	46
603	49	5	27
604	31	51	9
605	24	46	4
606	47	5	25
607	27	47	5
608	30	50	8
609	27	49	7
610	29	51	9
611	3	24	44
612	47	3	25
613	50	8	28
614	7	29	51
615	9	30	50
616	10	30	52
617	10	30	52
618	30	52	10
619	25	45	3
620	25	47	5
621	46	4	26
622	47	5	25
623	8	28	50
624	25	47	5
625	45	3	25
626	52	8	30
627	25	46	5
628	52	10	30
629	3	25	45
630	45	3	25
631	50	8	30
632	45	3	25
633	5	26	46
634	47	5	25
635	5	27	47
636	8	30	52
637	5	25	47
638	48	7	28
639	26	48	6
640	9	30	52
641	10	30	52
642	53	11	31
643	7	29	49
644	27	49	3
645	9	30	52
646	27	49	7
647	5	25	47
648	50	4	26
649	26	48	6
650	7	27	49
651	27	49	7
652	49	5	27
653	27	47	5
654	10	30	52
655	49	5	27
656	47	5	27
657	28	48	7
658	3	25	47
659	46	3	24
660	4	24	46
661	3	24	44
662	7	29	51
663	50	8	30
664	45	3	25
665	25	47	5
666	50	8	30
667	8	28	50
668	47	3	25
669	25	45	3
670	52	10	30
671	5	26	46
672	3	25	46
673	25	45	3
674	26	48	6
675	29	51	9
676	31	52	9
677	8	28	50
678	53	5	27
679	25	47	5
680	52	10	30
681	6	28	50
682	3	25	47
683	51	9	31
684	3	25	47
685	7	27	49
686	50	8	30
687	31	51	9
688	5	27	47
689	11	31	53
690	9	31	51
691	56	10	36
692	6	28	48
693	53	11	31
694	24	46	4
695	47	5	25
696	7	27	49
697	49	7	29
698	6	26	48
699	31	53	11
700	46	5	25
701	48	6	28
702	9	31	51
703	45	3	25
704	49	7	29
705	48	6	28
706	47	5	27
707	3	25	47
708	47	5	25
709	5	27	47
710	27	47	5
711	7	27	49
712	48	6	26
713	29	49	7
714	3	25	47
715	48	6	28
716	30	50	8
717	7	29	51
718	7	27	49
719	27	47	5
720	46	4	26
721	27	47	5
722	28	50	8
723	25	45	3
724	47	5	25
725	53	11	31
726	48	6	28
727	25	45	3
728	48	6	28
729	45	3	25
730	31	53	11
731	29	49	7
732	26	46	4
733	25	45	3
734	5	27	47
735	29	51	9
736	45	3	25
737	51	9	31
738	24	46	4
739	7	28	50
740	50	8	30
741	7	27	49
742	5	25	47
743	9	29	51
744	29	51	9
745	6	26	48
746	7	29	49
747	47	3	25
748	31	52	9
749	5	27	49
750	25	46	5
751	50	7	29
752	7	29	51
753	26	46	5
754	45	3	25
755	8	30	52
756	47	5	27
757	7	27	49
758	52	10	32
759	4	26	48
760	5	25	47
761	3	25	45
762	29	49	7
763	29	49	7
764	25	47	5
765	3	25	45
766	31	51	9
767	5	25	82
768	49	5	27
769	31	51	9
770	25	47	5
771	30	50	8
772	45	3	25
773	5	27	47
774	53	11	33
775	5	27	47
776	31	51	9
777	3	25	47
778	29	51	9
779	46	4	24
780	29	51	9
781	4	24	46
782	4	24	46
783	30	52	10
784	25	45	3
785	7	27	49
786	4	26	46
787	9	36	60
788	27	49	7
789	50	7	29
790	56	5	32
791	7	28	48
792	53	9	31
793	6	28	50
794	53	9	31
795	29	51	9
796	5	26	46
797	46	5	25
798	6	26	48
799	25	45	3
800	31	53	9
801	48	5	27
802	25	46	3
803	27	49	7
804	29	51	9
805	49	7	29
806	25	47	5
807	27	49	7
808	50	8	28
809	24	46	4
810	9	31	53
811	53	11	31
812	30	52	10
813	27	49	7
814	51	9	31
815	7	29	51
816	49	7	29
817	26	46	5
818	25	47	5
819	28	48	6
820	27	49	7
821	5	27	49
822	25	45	3
823	51	7	29
824	27	49	7
825	28	50	8
826	31	53	11
827	30	52	8
828	47	5	27
829	49	5	27
830	3	25	47
831	5	27	49
832	4	24	46
833	31	51	9
834	24	46	4
835	31	51	9
836	3	25	47
837	25	47	5
838	8	30	50
839	47	5	27
840	7	27	49
841	9	29	50
842	8	30	52
843	5	27	47
844	27	47	5
845	29	51	9
846	5	27	49
847	30	52	10
848	45	3	25
849	10	30	52
850	7	28	50
851	30	52	10
852	3	25	47
853	47	5	27
854	50	8	30
855	25	47	5
856	9	29	51
857	49	5	27
858	29	51	7
859	47	3	25
860	26	48	4
861	31	53	11
862	10	30	52
863	9	31	53
864	27	49	7
865	6	28	50
866	3	25	45
867	29	51	9
868	50	9	29
869	3	25	45
870	50	8	30
871	44	3	24
872	48	6	28
873	9	30	52
874	3	25	45
875	27	47	5
876	27	48	5
877	47	3	25
878	26	48	6
879	47	5	27
880	30	52	9
881	26	48	6
882	52	10	30
883	47	5	27
884	9	30	54
885	5	25	47
886	31	53	11
887	30	50	9
888	29	51	9
889	44	3	24
890	49	5	27
891	5	27	49
892	5	27	49
893	25	45	3
894	25	45	3
895	45	3	25
896	6	28	50
897	5	25	47
898	49	7	29
899	8	28	50
900	3	25	46
901	51	9	31
902	6	28	50
903	48	6	26
904	3	24	44
905	9	31	51
906	48	6	28
907	30	50	8
908	53	11	31
909	45	3	25
910	47	5	25
911	26	48	5
912	5	27	49
913	9	31	53
914	52	9	30
915	7	29	50
916	54	13	34
917	29	49	7
918	5	27	49
919	3	24	46
920	47	5	25
921	27	49	7
922	7	28	50
923	5	27	47
924	50	7	28
925	48	6	26
926	45	3	25
927	9	29	51
928	8	28	50
929	50	8	30
930	31	51	9
931	10	30	52
932	6	26	48
933	9	30	50
934	10	30	52
935	8	30	52
936	52	8	30
937	25	45	3
938	49	7	29
939	7	29	51
940	27	47	5
941	25	45	3
942	51	9	31
943	53	11	31
944	3	25	47
945	25	45	3
946	7	27	49
947	27	49	7
948	31	52	11
949	47	3	25
950	7	29	51
951	5	27	49
952	7	28	48
953	3	25	46
954	28	48	7
955	48	4	26
956	5	25	47
957	50	9	30
958	10	30	52
959	45	3	25
960	47	5	25
961	8	28	50
962	49	7	27
963	27	47	5
964	8	30	52
965	9	29	51
966	47	5	25
967	47	5	27
968	7	29	49
969	52	10	32
970	51	9	31
971	49	7	27
972	47	3	25
973	5	27	47
974	5	27	47
975	49	7	29
976	10	30	52
977	52	8	30
978	6	28	50
979	48	6	28
980	9	29	50
981	29	51	7
982	48	6	28
983	52	11	31
984	7	29	51
985	3	25	47
986	30	52	10
987	29	49	7
988	7	29	49
989	47	3	25
990	29	51	9
991	30	50	9
992	8	28	50
993	28	48	6
994	30	50	8
995	9	29	50
996	29	50	9
997	31	51	9
998	27	49	7
999	51	9	31

