Reaction test v3
type	A+B+C
number	1000

max value	65536
unit	us

test	A	B	C
0	296	323	343
1	959	984	1004
2	25	49	71
3	659	683	708
4	663	688	708
5	322	348	368
6	641	664	686
7	460	486	506
8	465	490	510
9	131	156	176
10	955	981	1001
11	874	900	922
12	1001	1026	1046
13	603	626	648
14	196	222	242
15	359	385	405
16	348	374	394
17	607	633	653
18	213	239	259
19	145	169	191
20	321	347	369
21	738	764	784
22	74	98	120
23	545	571	591
24	708	734	756
25	464	488	510
26	389	415	435
27	174	200	220
28	867	893	913
29	61	87	107
30	706	732	752
31	817	840	862
32	502	525	547
33	142	166	188
34	525	548	570
35	489	514	534
36	294	319	339
37	125	151	171
38	504	528	550
39	181	206	226
40	181	207	227
41	738	764	784
42	211	235	257
43	759	784	806
44	63	86	108
45	399	424	444
46	46	69	91
47	860	884	906
48	393	416	438
49	393	419	439
50	805	831	851
51	149	175	195
52	270	1308	317
53	73	98	118
54	36	62	82
55	384	407	429
56	1002	1028	1048
57	601	627	649
58	158	182	204
59	940	964	986
60	61	84	106
61	37	61	82
62	514	540	560
63	794	818	839
64	478	501	523
65	247	273	293
66	882	908	928
67	438	464	484
68	606	632	654
69	188	214	234
70	906	930	952
71	494	520	540
72	35	59	81
73	886	911	931
74	176	201	221
75	466	492	514
76	500	525	545
77	247	270	292
78	753	779	799
79	971	996	1018
80	537	563	583
81	869	895	915
82	731	754	776
83	796	822	842
84	73	98	118
85	423	448	468
86	451	476	496
87	466	492	512
88	714	738	759
89	478	501	523
90	198	224	244
91	514	538	560
92	1011	1035	1057
93	561	587	607
94	576	602	622
95	685	711	731
96	519	543	565
97	483	509	529
98	561	587	607
99	970	996	1018
100	708	733	753
101	601	624	646
102	238	263	283
103	815	841	861
104	959	985	1005
105	775	799	821
106	880	906	926
107	61	87	107
108	526	551	571
109	293	317	339
110	173	199	219
111	31	55	77
112	805	829	851
113	865	891	911
114	756	780	802
115	150	175	195
116	719	745	765
117	551	576	596
118	303	328	348
119	9	34	54
120	549	574	594
121	200	226	246
122	873	898	918
123	440	466	486
124	633	658	678
125	331	354	376
126	605	628	650
127	138	164	186
128	258	282	304
129	230	255	275
130	63	86	108
131	631	657	677
132	438	462	484
133	704	730	750
134	671	696	716
135	427	452	472
136	188	212	234
137	63	88	108
138	912	938	958
139	236	259	281
140	912	936	958
141	374	398	419
142	402	428	448
143	318	344	364
144	873	899	919
145	815	838	860
146	216	242	262
147	412	436	458
148	440	466	486
149	397	423	443
150	277	303	323
151	535	559	579
152	980	1005	1025
153	179	205	225
154	219	244	264
155	170	195	217
156	181	206	226
157	314	338	360
158	623	647	669
159	761	786	806
160	470	495	515
161	758	782	804
162	801	825	847
163	357	383	403
164	683	707	729
165	645	670	690
166	279	303	325
167	270	295	315
168	138	163	183
169	795	820	840
170	52	77	97
171	100	126	146
172	1006	1030	1051
173	160	186	206
174	55	79	101
175	901	924	946
176	791	814	836
177	234	259	279
178	575	601	621
179	490	516	536
180	886	910	932
181	544	568	590
182	129	155	175
183	832	857	877
184	1002	1026	1048
185	278	302	324
186	481	504	526
187	300	325	345
188	440	466	486
189	29	53	74
190	378	404	424
191	226	252	272
192	28	51	73
193	428	452	474
194	365	390	410
195	18	44	64
196	470	493	515
197	95	121	141
198	429	454	474
199	591	615	637
200	963	988	1008
201	206	229	251
202	511	536	556
203	244	268	290
204	944	968	990
205	848	872	894
206	106	130	152
207	603	629	649
208	987	1013	1033
209	683	709	729
210	744	769	789
211	693	719	739
212	673	698	718
213	614	638	659
214	772	797	817
215	423	448	468
216	714	740	760
217	715	739	761
218	271	297	317
219	447	473	493
220	907	933	953
221	67	93	113
222	286	312	332
223	894	917	939
224	459	484	504
225	581	606	626
226	592	618	638
227	546	570	592
228	18	44	64
229	963	987	1009
230	140	164	186
231	434	460	480
232	487	511	533
233	723	748	768
234	574	600	620
235	712	737	759
236	671	696	718
237	660	685	705
238	663	687	708
239	691	715	737
240	625	649	671
241	84	108	130
242	436	461	481
243	569	594	614
244	175	201	221
245	179	205	225
246	73	98	118
247	560	586	606
248	162	186	208
249	145	171	191
250	8	34	54
251	291	315	337
252	1015	1039	5
253	522	546	568
254	423	449	469
255	354	377	399
256	667	693	713
257	697	722	742
258	779	805	825
259	560	586	606
260	918	944	964
261	955	979	1001
262	944	970	990
263	521	546	566
264	676	702	722
265	190	214	236
266	201	225	247
267	203	227	249
268	8	34	54
269	794	819	839
270	613	636	658
271	187	213	233
272	958	983	1005
273	206	231	251
274	89	115	135
275	237	263	283
276	709	735	755
277	316	341	361
278	303	327	348
279	496	522	542
280	480	505	525
281	196	219	241
282	524	550	570
283	114	137	163
284	974	1003	1025
285	535	559	581
286	922	953	973
287	329	355	375
288	592	615	637
289	363	389	409
290	641	670	690
291	577	600	622
292	63	89	109
293	537	561	583
294	18	44	64
295	884	909	929
296	610	636	656
297	153	177	199
298	337	361	383
299	777	803	823
300	380	405	425
301	841	866	886
302	77	102	122
303	472	498	518
304	618	644	664
305	895	921	941
306	785	811	831
307	672	698	718
308	806	831	851
309	785	808	830
310	757	780	802
311	601	627	647
312	413	439	459
313	761	784	806
314	710	736	756
315	777	803	823
316	588	613	633
317	273	299	319
318	750	773	795
319	268	293	313
320	286	312	332
321	767	790	812
322	821	846	866
323	408	434	454
324	105	128	150
325	577	603	623
326	865	891	913
327	237	263	283
328	914	940	960
329	134	158	180
330	76	100	122
331	463	486	508
332	361	386	406
333	995	1021	1041
334	929	954	974
335	145	171	191
336	605	629	651
337	570	595	615
338	618	643	663
339	804	830	850
340	800	825	845
341	373	398	418
342	414	440	460
343	842	867	887
344	856	880	902
345	311	337	357
346	753	779	799
347	728	752	774
348	125	150	170
349	607	633	653
350	601	624	646
351	460	484	506
352	861	885	907
353	920	944	966
354	976	1002	1022
355	114	140	160
356	648	674	694
357	437	460	482
358	47	72	92
359	843	869	889
360	367	391	413
361	423	447	467
362	815	840	860
363	687	711	731
364	209	235	255
365	444	470	490
366	145	169	191
367	986	1009	1031
368	802	827	847
369	519	543	564
370	588	614	634
371	670	696	716
372	353	379	399
373	909	934	954
374	106	132	152
375	301	326	346
376	835	859	881
377	141	167	187
378	177	203	223
379	477	503	523
380	766	792	812
381	682	706	727
382	403	427	448
383	444	470	490
384	315	338	360
385	342	368	388
386	472	495	517
387	405	430	450
388	898	923	943
389	342	368	388
390	1006	1031	1051
391	311	336	356
392	545	571	591
393	537	563	585
394	761	786	806
395	948	973	993
396	492	518	538
397	226	252	272
398	228	252	274
399	564	590	610
400	847	873	893
401	805	829	851
402	543	569	589
403	618	641	661
404	121	144	166
405	504	530	550
406	126	152	172
407	359	383	405
408	72	98	118
409	206	229	251
410	136	162	182
411	166	191	211
412	768	792	814
413	978	1002	1024
414	59	83	105
415	376	402	422
416	146	171	191
417	821	844	866
418	990	1015	1035
419	37	63	83
420	606	630	652
421	297	321	343
422	101	126	146
423	168	193	213
424	574	600	620
425	654	678	700
426	686	711	731
427	319	345	365
428	202	228	248
429	910	934	956
430	954	978	999
431	892	918	938
432	99	123	145
433	369	395	415
434	86	111	131
435	108	133	153
436	897	921	943
437	699	724	744
438	940	964	986
439	688	713	733
440	648	674	694
441	287	312	332
442	240	265	285
443	833	857	879
444	324	348	370
445	457	483	503
446	449	473	494
447	565	589	611
448	403	428	448
449	602	627	647
450	577	602	622
451	507	533	553
452	779	805	825
453	37	63	85
454	551	576	596
455	510	533	555
456	168	192	214
457	156	182	202
458	884	908	930
459	640	666	686
460	536	560	581
461	778	803	823
462	604	628	650
463	369	395	415
464	546	572	592
465	48	74	94
466	956	982	1002
467	241	265	287
468	1021	6	26
469	876	902	922
470	44	70	90
471	391	417	437
472	738	763	783
473	74	98	120
474	416	439	461
475	1012	1036	1057
476	207	231	253
477	406	431	451
478	245	269	291
479	37	63	84
480	445	469	491
481	911	936	956
482	982	1005	1027
483	781	807	827
484	301	326	346
485	170	194	216
486	978	1003	1023
487	225	250	270
488	322	346	368
489	136	162	182
490	880	906	926
491	305	330	350
492	828	851	873
493	972	998	1018
494	427	453	473
495	555	580	600
496	408	434	455
497	837	863	883
498	342	368	388
499	251	276	296
500	314	340	360
501	377	400	422
502	4	30	50
503	743	769	789
504	160	184	206
505	177	201	223
506	24	50	70
507	235	261	281
508	374	400	420
509	406	432	452
510	744	768	789
511	832	855	877
512	529	553	575
513	877	902	922
514	18	43	63
515	176	201	221
516	1010	1034	1056
517	81	105	127
518	333	357	379
519	44	70	90
520	989	1014	1034
521	532	558	578
522	616	642	662
523	427	452	472
524	806	829	851
525	560	583	603
526	331	355	376
527	326	351	373
528	961	985	1007
529	422	445	467
530	466	492	512
531	684	707	729
532	595	619	641
533	657	683	703
534	337	362	382
535	277	303	325
536	80	106	126
537	521	547	567
538	521	547	567
539	560	585	605
540	380	405	425
541	864	887	909
542	13	37	58
543	586	611	631
544	348	371	393
545	212	237	257
546	1013	1037	3
547	897	923	943
548	670	694	716
549	937	963	983
550	665	691	711
551	63	89	109
552	759	784	804
553	311	336	356
554	828	853	873
555	333	358	378
556	515	539	561
557	618	642	664
558	805	831	851
559	684	707	729
560	821	846	866
561	149	173	194
562	384	408	429
563	850	876	896
564	123	147	169
565	70	94	116
566	1005	1030	1050
567	376	402	422
568	867	893	913
569	450	473	495
570	476	501	521
571	447	473	493
572	783	807	829
573	187	213	235
574	571	595	617
575	314	340	360
576	215	238	260
577	455	481	501
578	432	458	478
579	775	799	821
580	663	688	708
581	403	428	448
582	277	303	323
583	768	793	813
584	134	160	180
585	998	1022	1044
586	350	375	395
587	688	713	733
588	984	1010	1030
589	463	488	508
590	18	42	64
591	927	953	973
592	326	351	371
593	150	175	195
594	87	111	133
595	623	647	669
596	550	576	596
597	481	505	527
598	972	998	1018
599	327	351	373
600	301	327	347
601	957	981	1003
602	461	486	506
603	421	445	467
604	275	300	320
605	824	848	869
606	584	608	630
607	610	634	656
608	583	607	628
609	661	686	706
610	411	437	459
611	424	450	470
612	472	498	518
613	485	509	529
614	811	836	856
615	290	316	336
616	801	827	847
617	123	148	168
618	232	255	277
619	318	342	363
620	526	550	570
621	640	664	686
622	189	213	235
623	93	119	139
624	659	683	705
625	884	910	930
626	344	370	390
627	570	595	615
628	509	533	555
629	389	413	435
630	119	143	165
631	644	668	689
632	969	993	1015
633	500	526	549
634	862	887	909
635	658	683	703
636	781	806	828
637	511	536	556
638	378	404	424
639	470	493	515
640	466	490	512
641	498	524	544
642	331	357	377
643	762	788	808
644	367	392	412
645	434	458	480
646	584	608	630
647	528	554	574
648	213	237	259
649	540	565	585
650	1016	1040	6
651	1024	7	29
652	899	923	945
653	29	55	75
654	822	848	868
655	533	559	579
656	8	34	54
657	556	579	601
658	903	928	948
659	358	383	403
660	149	175	195
661	781	805	827
662	277	301	322
663	734	758	780
664	607	630	656
665	53	79	101
666	56	79	105
667	890	914	936
668	155	181	206
669	40	66	86
670	771	797	817
671	24	50	70
672	58	87	109
673	153	179	199
674	467	490	512
675	554	580	600
676	963	993	1013
677	725	755	775
678	819	844	864
679	995	1019	1041
680	97	123	143
681	449	471	491
682	458	484	504
683	531	555	577
684	445	471	491
685	119	145	165
686	11	36	56
687	942	968	988
688	118	143	163
689	872	897	917
690	213	239	259
691	644	669	689
692	680	706	727
693	973	998	1018
694	355	381	403
695	129	153	175
696	849	874	894
697	474	499	519
698	993	1018	1038
699	506	531	551
700	325	349	371
701	1026	11	31
702	200	226	246
703	730	754	776
704	383	409	429
705	775	799	821
706	665	691	711
707	489	513	535
708	213	238	258
709	1021	4	24
710	659	685	705
711	87	113	133
712	1013	1039	5
713	303	329	349
714	924	947	969
715	907	932	952
716	1006	1030	1052
717	318	342	364
718	55	81	101
719	70	96	116
720	485	511	531
721	766	790	812
722	105	130	150
723	131	156	176
724	569	595	615
725	462	488	508
726	316	342	362
727	700	726	746
728	543	567	588
729	963	988	1008
730	429	454	474
731	121	145	167
732	402	428	448
733	144	169	191
734	337	362	382
735	475	501	521
736	875	899	921
737	148	173	193
738	515	540	560
739	680	705	725
740	344	370	390
741	457	482	502
742	261	287	307
743	457	482	502
744	304	328	350
745	329	355	375
746	809	835	855
747	885	908	930
748	706	729	751
749	706	732	752
750	686	711	731
751	306	332	352
752	29	55	75
753	309	332	354
754	545	570	590
755	183	209	229
756	832	855	877
757	888	914	936
758	638	664	684
759	871	896	916
760	758	784	804
761	781	804	826
762	577	602	622
763	40	66	86
764	949	973	995
765	104	130	150
766	502	527	547
767	912	938	958
768	932	955	977
769	11	35	56
770	455	481	501
771	912	938	960
772	318	344	364
773	638	664	684
774	851	876	896
775	965	988	1010
776	611	635	656
777	305	331	351
778	635	659	681
779	519	545	565
780	6	32	52
781	48	74	94
782	400	426	446
783	586	612	632
784	903	929	949
785	40	66	86
786	97	122	142
787	316	340	361
788	831	857	877
789	481	507	527
790	282	308	328
791	787	812	832
792	524	549	569
793	904	928	950
794	200	225	245
795	500	526	546
796	100	124	146
797	700	726	746
798	555	578	600
799	575	600	620
800	642	668	688
801	843	868	888
802	440	464	486
803	566	591	611
804	340	366	386
805	583	608	628
806	795	820	840
807	912	938	958
808	929	955	975
809	35	60	80
810	230	256	276
811	972	998	1018
812	628	653	675
813	341	366	386
814	453	478	498
815	149	175	195
816	740	764	786
817	719	745	765
818	415	441	461
819	449	473	495
820	830	856	876
821	590	616	636
822	522	548	568
823	162	188	210
824	201	225	247
825	269	294	314
826	146	171	191
827	239	265	285
828	14	40	60
829	170	193	215
830	914	940	960
831	959	985	1005
832	196	220	242
833	780	805	825
834	453	479	499
835	296	322	342
836	254	280	300
837	893	917	939
838	532	555	577
839	865	891	911
840	256	282	302
841	346	372	392
842	89	113	135
843	222	248	268
844	436	460	482
845	549	574	594
846	532	557	577
847	972	998	1018
848	835	861	881
849	672	696	718
850	174	199	219
851	502	526	548
852	760	786	808
853	747	771	793
854	937	962	982
855	523	546	568
856	286	310	332
857	494	519	539
858	669	694	714
859	75	98	120
860	488	514	534
861	922	946	968
862	1013	1037	3
863	976	999	1021
864	534	557	579
865	337	362	382
866	326	352	372
867	419	443	465
868	472	497	517
869	963	987	1009
870	465	488	510
871	481	507	527
872	764	788	810
873	243	269	289
874	618	641	663
875	441	465	485
876	89	115	135
877	869	893	915
878	445	471	491
879	74	99	119
880	36	62	82
881	133	157	178
882	403	428	448
883	50	76	96
884	143	169	189
885	897	923	943
886	723	749	769
887	323	349	371
888	267	293	313
889	963	989	1009
890	997	1022	1042
891	571	595	616
892	506	531	551
893	390	413	435
894	361	385	407
895	541	567	587
896	940	964	986
897	659	683	705
898	691	717	737
899	910	936	956
900	192	216	238
901	955	979	1001
902	830	854	876
903	772	796	818
904	864	890	910
905	138	164	184
906	10	36	56
907	98	124	144
908	665	691	711
909	35	60	80
910	463	486	508
911	519	543	565
912	962	987	1007
913	328	352	373
914	855	878	900
915	464	490	510
916	755	779	801
917	18	43	63
918	773	797	819
919	952	976	998
920	153	179	199
921	457	482	502
922	609	634	654
923	694	720	740
924	688	713	733
925	138	162	184
926	108	134	154
927	560	586	606
928	466	491	511
929	771	797	817
930	295	319	341
931	432	458	478
932	629	655	675
933	882	908	928
934	1015	1041	5
935	5	31	51
936	312	338	358
937	36	60	82
938	7	33	53
939	1010	1035	1055
940	501	525	547
941	471	495	517
942	468	494	514
943	278	304	324
944	858	884	904
945	845	871	891
946	818	844	864
947	73	96	118
948	764	788	810
949	235	261	281
950	858	884	904
951	913	938	958
952	280	306	326
953	56	80	101
954	502	527	547
955	980	1006	1026
956	993	1019	1039
957	590	614	636
958	453	479	499
959	541	566	586
960	11	36	58
961	548	574	594
962	69	92	114
963	580	604	626
964	67	92	112
965	875	899	921
966	5	31	51
967	921	945	967
968	556	582	602
969	952	978	998
970	268	291	313
971	334	358	380
972	284	325	345
973	114	139	159
974	116	140	162
975	397	420	442
976	453	479	499
977	132	156	178
978	954	978	1000
979	519	544	564
980	940	966	986
981	423	447	468
982	607	631	653
983	612	638	658
984	714	740	760
985	850	876	896
986	705	730	750
987	840	863	885
988	100	126	146
989	54	79	99
990	905	928	950
991	108	132	154
992	691	717	737
993	558	583	603
994	1022	5	25
995	113	139	159
996	484	508	530
997	967	993	1013
998	738	764	784
999	875	898	920

